15 3 160
157 117 744
104 102 653
97 95 493
49 71 200
103 99 629
16 81 999
32 11 614
143 73 134
173 71 549
137 68 973
56 161 27
178 139 83
140 38 947
48 89 955
78 44 125
8 141 301
167 25 666
143 155 868
22 100 659
77 53 459
73 163 817
20 49 166
163 76 209
116 67 309
79 133 776
58 63 273
46 146 455
79 72 422
177 145 520
0 38 891
17 142 126
170 53 984
11 146 369
21 138 664
170 59 385
83 141 896
117 99 278
89 44 627
129 28 491
62 76 657
67 100 818
143 59 843
66 90 952
22 108 791
39 130 173
2 156 614
158 162 966
64 104 628
111 132 274
158 95 425
123 77 29
109 41 959
52 32 69
30 120 601
153 120 778
95 120 84
109 79 65
21 139 90
176 2 472
130 32 901
4 148 473
68 47 411
169 92 797
96 17 173
40 0 906
113 0 294
121 38 817
78 131 486
37 130 759
135 39 895
111 24 536
11 172 921
120 63 91
166 4 472
4 103 474
122 3 705
167 34 234
142 119 526
112 93 134
38 90 563
48 57 688
20 2 44
93 36 397
69 43 370
91 150 120
90 113 555
58 84 715
48 155 617
74 29 408
118 116 334
53 62 534
112 89 34
155 86 840
83 28 214
69 176 238
19 85 923
66 34 71
90 11 684
11 144 979
141 140 488
115 145 39
23 25 78
80 112 101
43 174 347
137 24 479
87 55 355
45 13 880
162 108 976
89 97 102
23 6 76
98 105 295
142 122 261
48 137 170
49 67 605
74 127 778
71 138 819
144 91 608
153 179 673
37 68 908
141 157 788
18 61 642
61 143 858
146 15 776
56 99 95
66 83 915
47 113 454
131 154 339
140 58 651
45 168 17
135 63 383
139 44 322
5 73 529
141 6 742
63 52 806
108 67 926
52 11 688
162 131 168
145 144 584
152 133 285
96 51 746
6 159 50
148 12 902
44 39 990
65 14 107
106 123 319
171 177 867
90 158 899
127 60 274
178 124 946
41 74 888
158 0 389
61 102 141
84 88 310
60 123 866
58 67 974
168 149 684
171 51 491
21 125 896
7 40 706
152 11 658
30 21 491
69 67 641
50 36 47
124 122 24
21 161 411
13 149 452
121 150 102
104 14 161
84 123 505
91 172 662
109 169 587
21 41 799
53 31 448
37 66 679
27 40 920
133 105 732
14 3 978
5 179 969
110 105 393
87 10 951
39 122 730
167 63 532
48 17 489
62 17 323
88 58 657
139 160 913
3 20 256
93 158 447
128 146 501
80 149 53
178 13 494
82 148 936
77 63 880
0 146 608
148 51 825
108 0 96
142 175 645
112 88 40
37 141 89
134 103 950
108 137 259
148 37 923
53 159 11
116 138 172
107 72 507
6 103 415
112 16 288
136 161 371
88 155 425
109 20 269
72 26 454
66 132 325
129 151 539
52 45 634
145 75 782
56 179 352
98 75 910
7 38 978
81 158 886
149 146 357
79 43 746
50 88 425
61 57 436
45 61 440
128 112 750
23 156 788
110 65 568
142 73 778
102 165 441
33 146 668
169 150 74
123 3 207
19 14 698
130 87 545
30 116 908
24 134 801
141 63 54
13 49 960
18 109 1
84 145 300
150 18 1000
168 119 529
42 143 563
46 154 856
46 139 249
58 131 737
136 124 368
81 52 820
141 141 22
104 179 712
90 150 581
164 92 277
161 89 408
158 81 623
60 155 184
61 133 124
159 170 776
161 120 182
31 20 316
169 32 529
9 168 323
24 119 161
32 36 283
21 27 481
164 163 755
9 86 683
7 111 56
66 29 986
94 105 246
179 97 40
68 24 76
72 140 153
55 154 755
91 77 731
89 140 235
97 146 250
110 75 237
58 53 576
142 104 329
22 10 838
38 151 417
174 112 23
6 69 539
35 75 184
82 141 274
35 170 474
128 71 187
84 69 676
168 76 850
125 172 79
99 72 424
54 96 702
161 148 427
84 109 902
25 50 899
129 31 788
124 93 761
50 70 542
72 1 687
18 125 495
155 57 311
128 22 358
77 172 169
43 55 112
173 142 430
131 140 2
31 148 641
7 62 419
62 157 534
58 171 92
57 151 858
91 174 213
68 8 345
42 139 647
63 157 403
165 67 975
26 17 226
164 1 48
19 26 750
132 31 122
61 131 96
44 133 894
84 114 666
130 20 368
3 162 939
27 171 344
54 139 923
100 76 120
45 177 195
143 169 164
14 171 748
129 145 70
33 160 493
164 107 670
80 85 248
67 124 54
91 5 651
166 140 345
103 101 739
156 36 702
77 112 968
93 97 72
158 25 511
21 147 387
18 151 154
86 178 794
48 69 503
23 116 88
5 99 615
122 115 171
109 159 759
25 65 84
117 57 882
109 56 291
51 14 94
99 67 59
160 7 405
32 124 641
38 136 705
82 170 779
73 44 212
145 39 424
101 86 917
176 61 915
115 14 804
158 135 315
123 29 184
149 136 742
56 24 271
92 11 565
85 69 632
175 17 402
10 149 944
21 126 849
45 24 170
45 44 936
41 121 32
68 4 425
174 40 821
78 126 686
84 162 124
117 21 817
15 88 20
145 44 388
7 53 101
144 60 203
0 118 890
131 162 363
117 162 952
162 156 339
84 140 793
166 56 330
153 34 139
108 73 869
66 157 368
70 82 258
176 126 726
36 110 670
162 155 846
148 102 478
146 89 294
94 132 412
158 123 666
126 95 727
130 178 716
29 136 389
168 167 241
64 31 435
58 103 483
174 171 767
159 150 890
26 71 277
83 107 550
135 119 44
8 123 488
127 110 850
133 143 648
57 140 264
31 96 511
92 107 195
112 1 176
133 25 253
123 153 9
121 45 151
47 30 752
12 16 969
166 174 307
1 172 672
93 122 573
115 166 766
12 119 657
83 6 742
134 7 419
158 58 722
147 45 545
36 144 495
161 62 256
170 163 513
123 78 272
75 124 900
121 83 724
173 18 593
53 76 360
79 55 837
122 110 893
75 93 290
7 20 819
93 49 615
148 174 138
72 177 789
150 125 13
20 148 380
129 118 866
5 51 491
156 47 506
48 138 179
36 16 922
154 77 335
44 127 700
161 98 317
101 104 260
161 108 702
152 19 382
146 53 334
145 82 697
161 155 717
27 56 328
147 175 653
110 131 405
35 90 231
105 94 408
109 86 596
117 175 907
79 14 758
102 13 610
179 70 359
160 169 675
51 147 464
151 24 15
81 154 855
162 34 29
65 103 997
79 141 589
108 158 575
112 163 322
148 17 571
178 6 467
126 137 297
114 78 297
64 101 196
46 33 180
100 42 630
135 140 659
176 135 379
117 142 453
38 176 289
123 56 427
143 80 910
37 9 957
2 170 460
171 1 656

